Pearson Correlation r
       HBXGZ   HBXHA   HBXHB   HBXHC   HBXHG   HBXHH   HBXHN   HBXHO   HBXHP   HBXHS   HBXHT   HBXHU   HBXHW   HBXHX   HBXHY   HBXHZ   HBXNA   HBXNB   HBXNC   HBXNG   HBXNH   HBXNN   HBXNO   HBXNP   HBXNS   HBXNT   HBXNU
HBXGZ  1.000  0.999  0.999  0.951  0.940  0.950  0.959  0.956  0.961  0.958  0.953  0.954  0.923  0.930  0.924  0.066  0.050  0.257  0.068  0.068  0.073  0.109  0.125  0.104  0.767  0.167  0.241
HBXHA  0.999  1.000  1.000  0.947  0.936  0.946  0.955  0.952  0.956  0.954  0.949  0.950  0.919  0.927  0.920  0.064  0.048  0.254  0.066  0.066  0.072  0.107  0.123  0.102  0.761  0.165  0.239
HBXHB  0.999  1.000  1.000  0.947  0.935  0.945  0.955  0.951  0.956  0.954  0.949  0.949  0.918  0.926  0.919  0.065  0.049  0.255  0.067  0.067  0.072  0.108  0.124  0.103  0.761  0.166  0.240
HBXHC  0.951  0.947  0.947  1.000  0.997  0.999  0.987  0.984  0.989  0.968  0.964  0.966  0.971  0.975  0.967  0.110  0.072  0.304  0.088  0.109  0.121  0.136  0.156  0.132  0.846  0.231  0.311
HBXHG  0.940  0.936  0.935  0.997  1.000  0.998  0.975  0.975  0.980  0.958  0.953  0.956  0.968  0.971  0.963  0.114  0.072  0.306  0.086  0.111  0.124  0.133  0.151  0.129  0.844  0.231  0.310
HBXHH  0.950  0.946  0.945  0.999  0.998  1.000  0.984  0.983  0.987  0.967  0.963  0.965  0.970  0.974  0.966  0.110  0.070  0.304  0.085  0.107  0.120  0.133  0.152  0.129  0.845  0.229  0.309
HBXHN  0.959  0.955  0.955  0.987  0.975  0.984  1.000  0.998  0.998  0.988  0.986  0.987  0.963  0.968  0.962  0.103  0.065  0.300  0.082  0.104  0.118  0.129  0.153  0.125  0.858  0.243  0.332
HBXHO  0.956  0.952  0.951  0.984  0.975  0.983  0.998  1.000  0.999  0.989  0.988  0.989  0.962  0.966  0.960  0.108  0.067  0.305  0.085  0.109  0.125  0.133  0.156  0.129  0.865  0.252  0.343
HBXHP  0.961  0.956  0.956  0.989  0.980  0.987  0.998  0.999  1.000  0.988  0.986  0.987  0.966  0.970  0.964  0.109  0.067  0.306  0.085  0.109  0.125  0.133  0.155  0.129  0.860  0.247  0.336
HBXHS  0.958  0.954  0.954  0.968  0.958  0.967  0.988  0.989  0.988  1.000  0.999  0.999  0.945  0.948  0.942  0.092  0.057  0.288  0.075  0.090  0.103  0.121  0.142  0.117  0.846  0.224  0.316
HBXHT  0.953  0.949  0.949  0.964  0.953  0.963  0.986  0.988  0.986  0.999  1.000  0.999  0.941  0.945  0.938  0.093  0.058  0.289  0.076  0.092  0.105  0.123  0.144  0.119  0.848  0.229  0.322
HBXHU  0.954  0.950  0.949  0.966  0.956  0.965  0.987  0.989  0.987  0.999  0.999  1.000  0.943  0.946  0.939  0.090  0.055  0.286  0.072  0.088  0.100  0.118  0.138  0.114  0.848  0.222  0.315
HBXHW  0.923  0.919  0.918  0.971  0.968  0.970  0.963  0.962  0.966  0.945  0.941  0.943  1.000  0.999  0.998  0.158  0.101  0.344  0.123  0.177  0.197  0.153  0.175  0.149  0.862  0.302  0.378
HBXHX  0.930  0.927  0.926  0.975  0.971  0.974  0.968  0.966  0.970  0.948  0.945  0.946  0.999  1.000  0.997  0.148  0.095  0.336  0.115  0.165  0.184  0.145  0.167  0.141  0.857  0.289  0.364
HBXHY  0.924  0.920  0.919  0.967  0.963  0.966  0.962  0.960  0.964  0.942  0.938  0.939  0.998  0.997  1.000  0.167  0.107  0.352  0.129  0.186  0.207  0.162  0.185  0.158  0.861  0.315  0.392
HBXHZ  0.066  0.064  0.065  0.110  0.114  0.110  0.103  0.108  0.109  0.092  0.093  0.090  0.158  0.148  0.167  1.000  0.832  0.978  0.793  0.865  0.851  0.808  0.807  0.812  0.356  0.888  0.815
HBXNA  0.050  0.048  0.049  0.072  0.072  0.070  0.065  0.067  0.067  0.057  0.058  0.055  0.101  0.095  0.107  0.832  1.000  0.810  0.911  0.783  0.690  0.868  0.851  0.874  0.245  0.610  0.570
HBXNB  0.257  0.254  0.255  0.304  0.306  0.304  0.300  0.305  0.306  0.288  0.289  0.286  0.344  0.336  0.352  0.978  0.810  1.000  0.784  0.852  0.841  0.804  0.807  0.807  0.515  0.897  0.844
HBXNC  0.068  0.066  0.067  0.088  0.086  0.085  0.082  0.085  0.085  0.075  0.076  0.072  0.123  0.115  0.129  0.793  0.911  0.784  1.000  0.860  0.758  0.930  0.916  0.923  0.272  0.635  0.596
HBXNG  0.068  0.066  0.067  0.109  0.111  0.107  0.104  0.109  0.109  0.090  0.092  0.088  0.177  0.165  0.186  0.865  0.783  0.852  0.860  1.000  0.981  0.872  0.877  0.870  0.349  0.843  0.778
HBXNH  0.073  0.072  0.072  0.121  0.124  0.120  0.118  0.125  0.125  0.103  0.105  0.100  0.197  0.184  0.207  0.851  0.690  0.841  0.758  0.981  1.000  0.801  0.812  0.802  0.377  0.887  0.822
HBXNN  0.109  0.107  0.108  0.136  0.133  0.133  0.129  0.133  0.133  0.121  0.123  0.118  0.153  0.145  0.162  0.808  0.868  0.804  0.930  0.872  0.801  1.000  0.994  0.996  0.331  0.689  0.646
HBXNO  0.125  0.123  0.124  0.156  0.151  0.152  0.153  0.156  0.155  0.142  0.144  0.138  0.175  0.167  0.185  0.807  0.851  0.807  0.916  0.877  0.812  0.994  1.000  0.992  0.359  0.714  0.677
HBXNP  0.104  0.102  0.103  0.132  0.129  0.129  0.125  0.129  0.129  0.117  0.119  0.114  0.149  0.141  0.158  0.812  0.874  0.807  0.923  0.870  0.802  0.996  0.992  1.000  0.331  0.692  0.651
HBXNS  0.767  0.761  0.761  0.846  0.844  0.845  0.858  0.865  0.860  0.846  0.848  0.848  0.862  0.857  0.861  0.356  0.245  0.515  0.272  0.349  0.377  0.331  0.359  0.331  1.000  0.526  0.643
HBXNT  0.167  0.165  0.166  0.231  0.231  0.229  0.243  0.252  0.247  0.224  0.229  0.222  0.302  0.289  0.315  0.888  0.610  0.897  0.635  0.843  0.887  0.689  0.714  0.692  0.526  1.000  0.962
HBXNU  0.241  0.239  0.240  0.311  0.310  0.309  0.332  0.343  0.336  0.316  0.322  0.315  0.378  0.364  0.392  0.815  0.570  0.844  0.596  0.778  0.822  0.646  0.677  0.651  0.643  0.962  1.000

KendallTau Correlation
       HBXGZ   HBXHA   HBXHB   HBXHC   HBXHG   HBXHH   HBXHN   HBXHO   HBXHP   HBXHS   HBXHT   HBXHU   HBXHW   HBXHX   HBXHY   HBXHZ   HBXNA   HBXNB   HBXNC   HBXNG   HBXNH   HBXNN   HBXNO   HBXNP   HBXNS   HBXNT   HBXNU
HBXGZ  1.000  0.947  0.947  0.768  0.749  0.760  0.780  0.777  0.775  0.795  0.792  0.793  0.762  0.771  0.756  0.500  0.497  0.582  0.500  0.506  0.510  0.525  0.555  0.521  0.585  0.554  0.566
HBXHA  0.947  1.000  0.952  0.768  0.751  0.760  0.777  0.774  0.773  0.792  0.791  0.791  0.762  0.771  0.755  0.498  0.495  0.579  0.497  0.504  0.508  0.524  0.554  0.520  0.585  0.552  0.565
HBXHB  0.947  0.952  1.000  0.765  0.748  0.757  0.776  0.772  0.771  0.791  0.788  0.789  0.759  0.769  0.753  0.497  0.495  0.578  0.497  0.504  0.508  0.523  0.554  0.520  0.584  0.552  0.564
HBXHC  0.768  0.768  0.765  1.000  0.921  0.943  0.913  0.919  0.923  0.887  0.882  0.885  0.908  0.904  0.898  0.553  0.528  0.657  0.528  0.548  0.559  0.562  0.596  0.559  0.673  0.616  0.637
HBXHG  0.749  0.751  0.748  0.921  1.000  0.937  0.882  0.896  0.896  0.867  0.864  0.869  0.899  0.887  0.880  0.548  0.516  0.648  0.515  0.539  0.552  0.554  0.588  0.551  0.670  0.605  0.630
HBXHH  0.760  0.760  0.757  0.943  0.937  1.000  0.910  0.918  0.920  0.885  0.880  0.885  0.911  0.906  0.900  0.547  0.519  0.652  0.518  0.541  0.551  0.555  0.588  0.552  0.671  0.610  0.633
HBXHN  0.780  0.777  0.776  0.913  0.882  0.910  1.000  0.939  0.939  0.913  0.909  0.913  0.902  0.900  0.901  0.549  0.530  0.655  0.530  0.549  0.556  0.562  0.595  0.559  0.672  0.618  0.637
HBXHO  0.777  0.774  0.772  0.919  0.896  0.918  0.939  1.000  0.950  0.926  0.922  0.925  0.911  0.896  0.897  0.556  0.534  0.664  0.536  0.554  0.563  0.567  0.600  0.564  0.683  0.627  0.646
HBXHP  0.775  0.773  0.771  0.923  0.896  0.920  0.939  0.950  1.000  0.917  0.911  0.913  0.910  0.902  0.905  0.549  0.527  0.657  0.529  0.547  0.556  0.560  0.593  0.557  0.673  0.618  0.637
HBXHS  0.795  0.792  0.791  0.887  0.867  0.885  0.913  0.926  0.917  1.000  0.948  0.950  0.885  0.869  0.867  0.547  0.530  0.654  0.535  0.550  0.558  0.564  0.596  0.560  0.671  0.619  0.638
HBXHT  0.792  0.791  0.788  0.882  0.864  0.880  0.909  0.922  0.911  0.948  1.000  0.949  0.881  0.865  0.864  0.547  0.529  0.654  0.534  0.550  0.558  0.563  0.596  0.559  0.672  0.620  0.638
HBXHU  0.793  0.791  0.789  0.885  0.869  0.885  0.913  0.925  0.913  0.950  0.949  1.000  0.884  0.869  0.865  0.545  0.527  0.652  0.532  0.548  0.556  0.562  0.594  0.557  0.671  0.617  0.636
HBXHW  0.762  0.762  0.759  0.908  0.899  0.911  0.902  0.911  0.910  0.885  0.881  0.884  1.000  0.926  0.927  0.557  0.532  0.657  0.531  0.551  0.560  0.566  0.598  0.563  0.675  0.618  0.638
HBXHX  0.771  0.771  0.769  0.904  0.887  0.906  0.900  0.896  0.902  0.869  0.865  0.869  0.926  1.000  0.931  0.538  0.516  0.637  0.516  0.535  0.543  0.549  0.582  0.546  0.655  0.600  0.620
HBXHY  0.756  0.755  0.753  0.898  0.880  0.900  0.901  0.897  0.905  0.867  0.864  0.865  0.927  0.931  1.000  0.543  0.521  0.643  0.522  0.538  0.546  0.552  0.583  0.549  0.659  0.605  0.623
HBXHZ  0.500  0.498  0.497  0.553  0.548  0.547  0.549  0.556  0.549  0.547  0.547  0.545  0.557  0.538  0.543  1.000  0.870  0.860  0.799  0.832  0.826  0.841  0.828  0.847  0.762  0.840  0.818
HBXNA  0.497  0.495  0.495  0.528  0.516  0.519  0.530  0.534  0.527  0.530  0.529  0.527  0.532  0.516  0.521  0.870  1.000  0.817  0.835  0.831  0.805  0.845  0.825  0.851  0.715  0.812  0.775
HBXNB  0.582  0.579  0.578  0.657  0.648  0.652  0.655  0.664  0.657  0.654  0.654  0.652  0.657  0.637  0.643  0.860  0.817  1.000  0.786  0.811  0.814  0.819  0.835  0.816  0.809  0.870  0.862
HBXNC  0.500  0.497  0.497  0.528  0.515  0.518  0.530  0.536  0.529  0.535  0.534  0.532  0.531  0.516  0.522  0.799  0.835  0.786  1.000  0.878  0.844  0.851  0.839  0.847  0.702  0.805  0.768
HBXNG  0.506  0.504  0.504  0.548  0.539  0.541  0.549  0.554  0.547  0.550  0.550  0.548  0.551  0.535  0.538  0.832  0.831  0.811  0.878  1.000  0.904  0.882  0.867  0.880  0.740  0.834  0.804
HBXNH  0.510  0.508  0.508  0.559  0.552  0.551  0.556  0.563  0.556  0.558  0.558  0.556  0.560  0.543  0.546  0.826  0.805  0.814  0.844  0.904  1.000  0.865  0.858  0.861  0.754  0.837  0.816
HBXNN  0.525  0.524  0.523  0.562  0.554  0.555  0.562  0.567  0.560  0.564  0.563  0.562  0.566  0.549  0.552  0.841  0.845  0.819  0.851  0.882  0.865  1.000  0.915  0.936  0.747  0.826  0.801
HBXNO  0.555  0.554  0.554  0.596  0.588  0.588  0.595  0.600  0.593  0.596  0.596  0.594  0.598  0.582  0.583  0.828  0.825  0.835  0.839  0.867  0.858  0.915  1.000  0.913  0.762  0.838  0.819
HBXNP  0.521  0.520  0.520  0.559  0.551  0.552  0.559  0.564  0.557  0.560  0.559  0.557  0.563  0.546  0.549  0.847  0.851  0.816  0.847  0.880  0.861  0.936  0.913  1.000  0.745  0.823  0.798
HBXNS  0.585  0.585  0.584  0.673  0.670  0.671  0.672  0.683  0.673  0.671  0.672  0.671  0.675  0.655  0.659  0.762  0.715  0.809  0.702  0.740  0.754  0.747  0.762  0.745  1.000  0.830  0.863
HBXNT  0.554  0.552  0.552  0.616  0.605  0.610  0.618  0.627  0.618  0.619  0.620  0.617  0.618  0.600  0.605  0.840  0.812  0.870  0.805  0.834  0.837  0.826  0.838  0.823  0.830  1.000  0.910
HBXNU  0.566  0.565  0.564  0.637  0.630  0.633  0.637  0.646  0.637  0.638  0.638  0.636  0.638  0.620  0.623  0.818  0.775  0.862  0.768  0.804  0.816  0.801  0.819  0.798  0.863  0.910  1.000